981543627723698145645712938368159274417326589592487316854931762236875491179264853
968531724514792638237468519326945187185327946479186253891273465753614892642859371
487365219932841756165297384524916837319758462876432591793184625641523978258679143
647391582125687394938542617264915873891736425753824961319258746486173259572469138
941385627523647981786921453678253194312479865459168732267834519895712346134596278
875932164412756839963418752687249513254381976391675428148563297539827641726194385
386472915714395268295861473128736549943518627657249381872954136531627894469183752
617829435859364127324715986743196258261583749985247361192638574476952813538471692
821574963476293158395618427257361849634987512918452376169825734583746291742139685
987621354642835179531974286179563428364182795258497613795246831413758962826319547
485136297921875463736429815172968534648513729359247681893752146217694358564381972
798526143423971568165483927841369752637152489259748631974235816316894275582617394
251379486394186752768245319136724895875913264942568137517892643489637521623451978
953712684264398157781645239629834715347561892518279463495126378836457921172983546
625913874781452693439678152593824761264791538178365249952137486816549327347286915
289761435653924718714358692367492851941875326528136974895243167476519283132687549
593281647476359218821476539958147326732695184614832795185963472247518963369724851
594813672231576849768924135376245981942681357815397426123768594457139268689452713
796342158158697423432185967371924586864573291925861374549716832613258749287439615
926184537458273691173695284631728945245319876789546123592467318864931752317852469
143579286276418593589362417968143752315297864427856139792681345651734928834925671
691872453782534916354691728875346291143729865269185374436217589917458632528963147
197543268862197534435268179316875492578429316249316785923784651651932847784651923
576943812832716549914582637123697485458321976769458321291864753345279168687135294
961358247542679813378124659637512984185943726429867531294735168813296475756481392
374592816256381947819467532138276495927854361645913728783129654592648173461735289
694831725572469381381572496465798213918243567723615948246157839859326174137984652
142579368853164279967283451295416837471832596638957142714398625386725914529641783
645738921987162435132495876413876259276519384598324167821647593369251748754983612
825497631976231845314865729138542967452679183769183452287316594541928376693754218
789231654136854792542679831351496278498327165627185943273568419915742386864913527
639572148178463592245891763891756234723148956456239871584327619917684325362915487
235496817187352694694781253976823145452179386813645729348517962721964538569238471
847325961369814257521769834938176542654293718712548396295681473173452689486937125
425137698391468527876592341719853264648729135253641879567384912984216753132975486
872531469451896273963472815587943126314265798296187534628759341749318652135624987
429187365568329174731564928657932841294871536813456297982645713376218459145793682
925734186816952743437618529372496815568173294149285637793861452251347968684529371
472935816169482573358716924281543769597261438643897251826159347714328695935674182
135967482267483159984521367451792836879356214326814795718645923642139578593278641
176852394258493176394716582832165947761249853945378261427981635583627419619534728
124863579657921384389457162832574691416398257975612843791285436248736915563149728
362814975147695328895327461423756189681932754579148632716589243238461597954273816
267495381518273946439186275723518694154967832986324157671859423842731569395642718
842635791917842365365791482291357648578469213634218579156924837489573126723186954
819345726436927518752681439674239185983514672125768943568173294397452861241896357
864932751517468239293751648789213564135647982642895173456189327321574896978326415
175684329923175846846329517612843975798256134534791682359412768267538491481967253
942358176358617942761492538486935721523741689197826453839174265675289314214563897
527816439634759182819342765176284593283195674945637218461928357358471926792563841
563892471741653289892714365654271893218349756937568142326485917185927634479136528
549768213236491785187352964795834621362917548814526379651243897473689152928175436
582793416374165928916482735791546283823917654465328179147859362638274591259631847
849652713576314829321879564157986432692543178483127956765298341218435697934761285
132958764875614239496237518284763195569841327713529486947382651621495873358176942
931542867258671349467839125729184653586723914143965278874316592692458731315297486
328716594795324681164895372637489215819652437452137869281573946576948123943261758
182953476375648192469127385958236714641795238723814659834561927217489563596372841
312785946895643172764912835259431687137869254648527391926354718571298463483176529
871265934945138726623794581469381275237459168518672493192846357384527619756913842
748653291593812746261794835827469153435187962619325487156248379382976514974531628
513749628274386195986125734397461852628953417451872369762538941145697283839214576
154267389329185476687493125846329517592741863713856942968574231271938654435612798
257843916613529478948617325426981537395276184781435692164792853532168749879354261
549762381617893425823451769968147532271935846435286197756328914184679253392514678
672594381541836792839172654483615279796423518215789436368947125124358967957261843
935461872781352694264879531346298157157634289829715463478926315613547928592183746
214957836698432571375816924721568493986341257543729618159674382437285169862193745
526478139179253648384691752791564823832719564465382917653847291218936475947125386
798246531251873469643519287879365124312784956564192873185437692436928715927651348
134986725725341698896725431347168952268579143519432876952814367483657219671293584
642839715875412936319756842193528467487361259526974381951283674734695128268147593
215964738894723561673815429732198654169542873458376192987631245321457986546289317
793216845615834792482975163274563918158729634369148527521397486836451279947682351
431568279257913846968742513326481795849657321715239468684125937173894652592376184
398524761172936548654871293265143879413789625987652134721495386846317952539268417
852971463371624598964583271496258317587316942123497856218745639735869124649132785
678192453125734968439865712762958341813476295954321876291643587546287139387519624
739451286612378459485629173391782645257964318864135927173846592546297831928513764
587423619631579824942861537196348752823657491475192368718936245264715983359284176
357148269192736584648295317435629178761384925829571436583917642914862753276453891
192537648738164529645298731986312475254786913371459862563941287829673154417825396
276941853549832617183567294894253761312786549657419328931628475725394186468175932
279461853635827194148935627384796215751248369926513478892674531463159782517382946
756892314849317256312465987468931725195274638273658149531749862627583491984126573
546183729273469185819752364357814692984276513162935478631598247495627831728341956
428631975671859324359427168946285713532176489187394652814962537793518246265743891
398412567267538914154769328941827653725396481683154792819643275472985136536271849
523479168864135972971628534418762359396851427257943816139286745782514693645397281
594237861123486597678159342759368214482915736316742985835624179941573628267891453
586172349394685271712349865249768153165493782837251694971834526653927418428516937
627418593531279684489536712714362958356984127892751346145623879268197435973845261
891246537624753918753819462569324871178695243342187695235461789487932156916578324
961845723325917864784326951256438179897261345413579286138754692649182537572693418
682547139347891562591632478934126857158973246726485913413269785275318694869754321
749258316583146279126937584492681735617593428358724961934862157261475893875319642
678392415251784936394516278829647153467153829135829764946231587513478692782965341
547182369812936457936754128653478291724319685189625734468297513375861942291543876
254689713863147295917253648376491852425836971189725364732564189591378426648912537
514692837892173465736458291957364182123785946468219573245936718681547329379821654
