248916375357284619916735248432897561861523497795461832673152984584679123129348756
587324961914765823362189754821593647756841239493672518148257396279436185635918472
631482795792135648845769231158296374467351829329847156516973482983624517274518963
983214765521637849746859123492378516175462938638591274314785692869123457257946381
158467923679132458423958716265894371834571269791623584586749132912385647347216895
378516429529734861146928357734192586285647193691853274913275648462389715857461932
269718534314652987785493216157924368936581472428376159893265741571849623642137895
697248135584731692213695847172869354835124976946573218429387561761952483358416729
341527896798613425625894173934276518286159347517348962869432751172985634453761289
586174329732569841194382657865217934341698275279453186927846513458931762613725498
753216489914538267268974315526389741879142653431765928387621594645893172192457836
254198763638457921179263584813524697492876135567931842746319258321685479985742316
497625318635918724281473965873149652126357489549286137718564293352791846964832571
638791425421653978597482316719835264845216739263974851954367182172548693386129547
834956712697421538215783964962318475543267891178594623429175386381649257756832149
539148726742653819861279354674521938985734162123896547216985473358467291497312685
418269537576183294923745861852314976197826453364597128231658749745931682689472315
718693425265478139349152678426519783157836942893724561972365814581247396634981257
586724139241639587739815426853247961172956348694183275367491852925368714418572693
614972853732158496859346127428593761163427589597861234245619378376284915981735642
194826573873415926625379184261543798348297615957681342439152867512768439786934251
374982615168354297295671834916537428752148369483269571649725183827413956531896742
675843921349721685821596743218367594967415238534982167786254319193678452452139876
458637219362914875179285364217498536543726198986153427831569742795342681624871953
832946571645127983197358462978462315563719248214835796456271839729683154381594627
597813264428596173136742859812654937745938612369271485983467521651329748274185396
156278394972643581348519267295837416461952738783164952834791625617325849529486173
357129846148635972629874531473512689865793214912486357291348765786951423534267198
275643189631798452498512673926154738513287946784369215862431597347925861159876324
158429736749536812623178495316894527875213649294765183467382951531947268982651374
371952648952684371864371925187293564649715832523846197736528419495137286218469753
519647283342918765876253194637891542481725639295364871968132457153476928724589316
967521384518493267324687951643178592179352846852946713496235178731869425285714639
392457861675831249184269537823576914761924385549318726436785192958142673217693458
825941673936578412174263895287154936341697258659382741592736184463819527718425369
641375892273489516589126734135862479798534261426917358812793645957648123364251987
549831267723946158618257439974612385251398746836475921485129673162783594397564812
812534796694287153735691824523479618147856932968312475481923567376145289259768341
356471892942853176817296345438612957169785423275349681684127539523968714791534268
978243615513869427462517389241936578835172946796458231124795863689321754357684192
249531876156478932378269154827654391431897265965123748782346519594712683613985427
946385271213947685578621934197258463364179528852436197789564312635812749421793856
438516297695732814712849365389274651174653928256198473543921786821367549967485132
129476853578193264364852179291345786643718592857269341936527418712984635485631927
456281739189437256372695418615874392897523641234169875563942187721358964948716523
437921658681753924259864371576298413824316795193547286315472869768139542942685137
342786915859431627671529483183695742264317859597842136936154278428973561715268394
823671459541932687697584312362817945475396128918245736786423591139758264254169873
753142896418396275692875134927658413345719682861234759536481927289567341174923568
527196834461783592398245617216938475953427186784651923679512348845379261132864759
124789563987653241653214897548967312276531984319428756735196428891342675462875139
725468139143259876698317524316542798982671345574893261861734952257986413439125687
634751928972836451158942376541378269267419835893265147789523614426187593315694782
638417529174952683295368741842136975513279468967584132451723896726891354389645217
356879214927431586148625793873546129692718345514293678465187932789362451231954867
983167452256438971417925863625349718841276395739851246594683127362714589178592634
968415372572893641134276859325684917816759234497321568681542793759138426243967185
851362947324179586976485321748631295563298174219547638197853462435726819682914753
692871453137954286584623179261587394753419628849236715326798541915342867478165932
631247589849516327527389461283651794754923618916478253195764832372895146468132975
894537261723861549156249873642318957389725614571694382235476198967182435418953726
871934265259186347364752189637518492482697531915243876198475623523869714746321958
726519483843267951159384276984675312562831749371492865698143527217958634435726198
629341758783592416514867392438925671972613584165478923347189265251736849896254137
641372589927458136358916274532697418476281953189543627894135762213764895765829341
321498765659721483874635291762384159943517826185269374237946518516873942498152637
612378954879245136435916278954132867163857429287694513396421785528769341741583692
316859427872134596945627318167582934483916752259743681628375149734291865591468273
743586219982741365561392478625874931319265784478913526134629857297158643856437192
891536247235749681764821593129368754578214936643975128312497865957683412486152379
938214567417536982652897431325461879891372645764958213146725398589143726273689154
391746528465298713728351496972463185854179362136582947649835271283917654517624839
746915283938627154125483697679348521354162978281579346867251439513794862492836715
729168543851734926643295781487612359236589417915473862174956238598321674362847195
528917463619534782743862915432159678985276341167483259876395124291748536354621897
325491687781562934649837215437258169158946723962713548274189356813675492596324871
159478362742963815638521794476152983523789146891634527965217438317846259284395671
726819354154763298983425167832157946517946823649238715368591472495372681271684539
743596821698312574125847639481973256269458713357621498976185342812734965534269187
956783412743612985182495376874951263265837149391246857417369528529178634638524791
924158376716392548835467129357926814162834795489571632298715463573649281641283957
564791832271348956938625174496132785325876419187954263643287591712569348859413627
597612384132748695648935127461579238875321946923864751759183462314256879286497513
679158342285743619431962758364891527817625934592437186948516273126374895753289461
371928564482576319569413278824135697635897421917642835748369152256781943193254786
475198632913462875286735941592673184764281359138549267359814726827956413641327598
314659728276813549895742136529381674148976352637524891762438915951267483483195267
478156923536492781291873564715689342869324157324715698182967435953241876647538219
859624173637815924142973586981357462274169835563482791395248617418736259726591348
974528163586731429132694587469283715317465298258179634643917852791852346825346971
965123487241587639387964521516279348723418956894635712632741895158396274479852163
659728431342961578718453692861247359934185267275396184193572846587614923426839715
523916874714238596689754123378645912165392487942871365496587231857123649231469758
296845713475231689381697542648973251517462398923518476164359827839724165752186934
652917438418532796397864125729386514561429387834175962275693841986741253143258679
762183495851946237439725816376251984285394761914678523648539172197462358523817649
153748962827196534946532187314975826765281349289364751531427698692813475478659213
196873524534692187872451639259318476487265391613947258348129765721586943965734812
751394826264587139893162754537618942619423587482759613376845291128936475945271368
972516384841392765356748219713824956285963471469157832528639147634271598197485623
